2017-03-28 7:44:51 PM
0 4 4 192 2092 2140 2607
1 2 2 898 2038 2078 2330
2 0 0 976 1509 1531 1711
3 5 5 888 1711 1743 1943
4 2 2 818 1514 1536 1784
5 2 2 964 1820 1869 2030
6 4 4 940 1740 1771 1961
7 1 3 824 0 892 3827
8 0 0 2240 3091 3127 4077
9 3 3 1061 1877 1900 2161
10 1 1 1130 1838 1860 2052
11 5 5 1519 2299 2322 2608
12 3 3 824 1222 1245 1404
13 0 0 1192 1650 1672 1806
14 3 3 1021 1141 1163 1445
15 3 3 1368 1671 1695 1810
16 1 1 995 1325 1347 1540
17 1 1 825 1314 1358 1582
18 5 5 1089 1130 1153 1547
19 5 5 1362 1486 1508 1869
20 2 2 1504 2596 2618 3138
21 0 0 1074 1283 1307 1439
22 4 5 1102 0 1576 2905
23 4 4 1042 1646 1670 1904
