2017-03-28 7:48:28 PM
0 4 0 0 1889 0 2024 3689
1 5 5 5 777 2888 3389 3676
2 2 2 2 889 1675 2247 2764
3 1 1 1 1066 1557 2239 2589
4 1 0 0 856 0 1614 3658
5 4 4 4 12 2085 2583 2891
6 0 0 6 1201 4153 4595 4719
7 0 0 0 548 0 1272 1503
8 3 3 3 1296 2433 3162 3474
9 5 0 6 815 3302 3831 4085
10 2 3 3 984 1761 2212 2316
11 5 5 5 1826 5097 5694 5926
12 2 3 3 655 1646 2167 11494
13 5 5 10 1269 4000 4703 5293
14 4 4 4 8 2634 3656 3872
15 3 3 3 791 2090 2845 3284
16 0 0 6 511 4190 4726 5118
17 1 1 1 620 914 1566 1739
18 1 1 1 748 1020 1408 1592
19 3 3 3 777 2974 3439 3675
20 3 3 3 737 1921 2385 2571
21 0 0 0 826 0 1245 1586
22 2 1 2 881 0 931 3330
23 4 4 4 2314 4347 5004 5494
