2017-03-29 2:29:08 AM
0 0 0 5 3601 3662 4504
1 3 3 958 1977 2014 2368
2 4 4 10 1052 1077 1522
3 3 5 205 0 454 3219
4 0 0 5 1719 1741 2179
5 0 0 6 1580 1615 1992
6 1 1 695 1264 1300 1692
7 1 1 741 1955 1981 2469
8 3 3 850 1898 1920 2368
9 2 2 1112 1665 1688 2386
10 1 1 1399 2593 2631 3138
11 5 5 1491 2228 2252 2714
12 0 0 829 1488 1512 1979
13 4 5 728 1146 1315 2769
14 1 1 901 1585 1627 2115
15 4 4 739 2554 2577 3166
16 2 2 960 1655 1703 2118
17 2 2 701 1443 1467 1879
18 3 3 878 1922 1946 2358
19 5 5 791 1336 1358 1776
20 4 4 736 1767 1807 2312
21 5 5 772 1302 1327 1780
22 5 5 702 1292 1317 1689
23 2 2 1084 1628 1650 2051
