2017-03-29 2:17:06 AM
0 5 5 5 4592 6487 6941 7745
1 0 0 0 1351 0 1679 2143
2 3 3 3 1358 2484 3139 3808
3 2 2 2 1566 2494 2987 3638
4 5 5 5 1449 3537 4007 5396
5 4 4 4 837 2820 3314 3984
6 0 0 0 780 0 1278 1768
7 4 4 4 1178 2811 3297 7046
8 2 2 2 1150 1802 2250 2883
9 3 3 3 1412 2574 3736 7357
10 1 0 0 669 0 807 2263
11 3 3 3 1332 2471 3003 3496
12 1 0 0 1181 0 1637 6194
13 4 0 1 1484 0 1580 8946
14 2 2 7 1286 3343 4210 9458
15 5 5 5 2172 4048 4487 5361
16 2 2 2 1035 1731 2322 3019
17 0 0 0 754 0 1109 1635
18 4 4 4 616 2170 2832 3534
19 3 3 3 739 1971 2637 5158
20 1 1 1 625 959 1468 5089
21 5 5 5 1017 3077 3643 4253
22 0 0 0 1053 0 1446 1905
23 1 1 1 1105 1752 2416 2918
