2017-03-28 2:38:25 PM
0 4 4 4 947 3134 3735 4354
1 2 2 2 670 1729 2448 3041
2 1 1 1 542 1216 6413 7137
3 2 2 8 898 6026 7469 8167
4 4 4 4 680 3004 5069 6002
5 1 1 1 559 1162 1790 2634
6 2 2 2 528 1536 2156 2858
7 5 5 5 734 3676 4322 5025
8 1 1 1 620 1110 1732 2213
9 5 5 5 961 4143 4839 5519
10 0 0 0 558 0 1340 1783
11 3 3 3 674 2312 2926 3434
12 3 3 3 1230 2783 3639 3982
13 0 0 0 1054 0 1858 2711
14 3 3 3 1215 2816 3412 4037
15 0 0 0 2376 0 3145 3678
16 1 1 1 2124 2740 3344 3952
17 5 5 5 734 3231 4087 4387
18 4 4 4 2010 4580 5211 5852
19 3 3 3 1177 3272 3951 4588
20 4 4 4 986 3421 3992 4998
21 5 2 2 894 0 2851 6880
22 0 0 3 1168 0 1841 2491
23 2 2 2 1138 2645 3348 4039
