2017-03-28 2:26:58 PM
0 0 0 562 4829 4893 5709
1 3 3 757 3264 3298 3967
2 2 2 800 2325 2361 2964
3 5 5 1563 2933 2958 3590
4 0 0 520 2959 2988 3700
5 3 3 987 2682 2710 3498
6 1 1 658 2279 2314 2897
7 5 5 1068 2373 2399 3048
8 1 1 565 2354 2384 2903
9 3 3 1063 2825 2852 3506
10 2 2 723 1779 1823 2727
11 2 2 765 1703 1754 2759
12 2 2 795 1657 1711 2718
13 0 0 1218 3307 3334 4034
14 5 5 747 1765 1794 2503
15 4 4 944 3125 3157 3798
16 4 4 1021 2471 2538 3387
17 3 3 724 2111 2136 2676
18 1 1 1048 2558 2587 3214
19 5 5 2201 3285 3321 3864
20 1 1 1428 4390 4417 5021
21 4 4 688 2215 2241 3134
22 4 4 704 1716 1741 2359
23 0 0 949 2668 2691 3350
