2017-03-29 3:15:26 PM
0 4 4 17 3484 3516 4491
1 0 0 1073 4861 4876 5889
2 5 5 1216 15008 15022 16346
3 0 0 1682 5215 5231 6004
4 2 2 855 3502 3516 4174
5 4 4 945 4009 4024 4740
6 1 1 905 3041 3058 3782
7 0 0 1108 2760 2774 3510
8 3 3 1157 3762 3795 4613
9 3 3 819 2022 2035 2697
10 2 2 916 3157 3172 4092
11 4 4 953 3444 3472 4357
12 1 1 917 2571 2599 3351
13 3 3 885 3345 3368 4007
14 2 2 836 3625 3640 4547
15 3 3 815 3405 3426 3972
16 0 1 801 1476 1818 3333
17 5 5 1790 5374 5388 6319
18 1 1 907 3615 3635 4599
19 2 2 1584 3150 3167 3870
20 5 5 1537 3191 3206 4110
21 1 1 832 3319 3333 4274
22 4 4 922 3393 3416 4325
23 5 5 1208 2758 2789 3417
