2017-03-29 3:35:24 PM
0 4 4 4 6960 11202 13393 13960
1 3 3 3 1228 3841 4900 5574
2 4 4 4 1008 3606 4291 5042
3 0 0 0 1034 0 2162 2843
4 0 0 0 849 0 1634 2318
5 2 2 2 689 2056 3053 3998
6 5 5 5 1792 4979 5960 6718
7 3 3 3 1197 3154 4404 4911
8 4 4 4 1192 3531 4260 4828
9 1 1 1 678 1610 2672 3312
10 2 2 2 931 2094 2800 3387
11 1 1 1 1262 2121 3130 3887
12 5 5 5 1209 4130 5177 6021
13 0 0 0 886 0 1639 2249
14 2 2 2 753 3988 5167 6049
15 4 4 4 1057 3374 4128 4934
16 0 0 0 906 0 1497 2128
17 1 1 1 639 1244 2002 2954
18 5 5 5 1349 4223 4935 5782
19 3 3 3 1021 2616 3355 4023
20 1 1 7 764 5504 6315 7019
21 2 2 2 1512 2751 3513 4135
22 3 3 15 809 14036 15299 15918
23 5 5 5 2036 4956 6171 7114
