2017-03-27 6:10:21 PM
0 4 4 4 806 2750 3469 4366
1 4 4 4 1086 2875 3660 4465
2 1 1 1 821 1696 2606 3409
3 3 3 3 769 2006 2838 3522
4 0 0 0 907 0 2234 3071
5 0 0 0 959 0 1622 2581
6 5 5 5 970 3014 3676 4440
7 3 3 3 781 2005 2735 3411
8 5 5 5 787 2711 3498 4126
9 0 0 0 875 0 1524 3387
10 5 5 5 1031 2961 4622 5724
11 3 3 3 640 1803 2379 3153
12 2 2 2 727 1515 2061 2667
13 4 4 4 592 2023 2716 3445
14 1 1 1 685 1027 1580 2296
15 0 0 0 695 0 1188 2018
16 3 3 3 622 1603 2234 2895
17 2 2 2 650 1262 1823 2434
18 4 4 4 608 1888 2486 3109
19 1 1 1 676 995 1547 2289
20 2 2 2 642 1311 1884 2674
21 5 5 5 604 2280 2858 3540
22 1 1 1 588 873 1421 1973
23 2 2 2 702 1193 1750 2198
