2017-03-27 6:28:38 PM
0 0 0 647 2528 2586 3453
1 0 0 565 1490 1518 2289
2 2 2 579 1174 1211 1939
3 4 4 542 1468 1497 2328
4 1 1 548 1578 1612 2314
5 4 4 543 1372 1401 2190
6 4 4 581 1326 1355 2040
7 3 3 680 1406 1434 2149
8 4 4 671 1362 1390 2020
9 5 5 718 1270 1299 2036
10 5 5 672 1132 1165 1555
11 2 2 686 976 1002 2016
12 5 5 776 2226 2253 2582
13 1 1 672 1743 1772 3017
14 0 0 764 1891 1922 2849
15 1 1 660 1528 1553 2580
16 2 2 634 1251 1277 2254
17 3 3 547 1412 1441 2672
18 2 2 567 1154 1185 1365
19 3 3 605 1369 1398 2492
20 1 1 620 1380 1411 2480
21 5 5 638 1166 1191 3027
22 0 0 553 1339 1364 2372
23 3 3 570 1341 1364 2067
