2017-03-28 5:15:18 PM
0 2 2 1081 2033 2086 2873
1 0 0 622 1990 2021 2571
2 3 3 599 2324 2362 2859
3 0 0 1093 2268 2290 2881
4 5 5 481 2699 2722 3205
5 4 4 446 1267 1299 1727
6 0 0 436 1429 1450 1782
7 1 1 548 1174 1196 2105
8 4 4 630 1739 1761 2173
9 2 2 444 1318 1340 1793
10 0 0 452 1347 1370 1795
11 2 2 924 2412 2434 2897
12 5 5 678 2336 2360 2909
13 1 1 710 1540 1574 1998
14 4 3 790 1907 1976 3248
15 3 3 616 1755 1777 2401
16 3 3 555 1670 1695 2251
17 2 2 566 2421 2445 2916
18 5 4 643 1449 1708 2596
19 1 1 791 1884 1910 2367
20 4 4 691 1844 1869 2332
21 5 5 558 1985 2026 2975
22 1 1 685 1830 1853 2302
23 3 3 1070 2252 2274 2727
