2017-03-28 5:20:56 PM
0 4 4 4 5 2346 2927 3357
1 1 1 1 523 842 1232 1582
2 3 3 3 519 1469 1891 2197
3 2 2 2 408 877 1388 1716
4 5 5 5 348 1471 2092 2492
5 0 0 0 832 0 1425 1765
6 0 0 0 586 0 1441 2106
7 2 2 2 631 1184 1652 1944
8 3 3 3 551 1744 2351 2780
9 2 2 2 468 971 1427 1835
10 0 0 0 731 0 1196 1660
11 2 0 0 545 0 957 1908
12 3 3 3 532 1142 1865 2216
13 1 1 1 752 1155 1570 2205
14 4 4 4 411 1488 1967 2386
15 4 4 4 450 1622 2096 2454
16 1 1 1 501 953 1353 1736
17 1 1 1 541 910 1285 1607
18 5 5 5 588 2003 2565 2932
19 5 5 5 495 2004 2493 2905
20 5 5 5 625 1931 2415 2741
21 0 0 0 667 0 1101 1678
22 3 3 3 541 1161 1742 2048
23 4 4 4 548 1341 1998 2258
