2017-03-29 9:46:09 PM
0 2 2 2 1 1122 1725 2281
1 1 1 1 568 995 1555 5442
2 5 5 5 1381 3201 5632 6372
3 3 3 3 751 1673 2590 3247
4 0 0 0 632 0 1654 2162
5 4 4 4 689 1723 2483 3011
6 4 4 4 548 1793 2457 3005
7 3 3 3 910 1912 2463 2969
8 2 2 2 544 1090 1657 2107
9 0 0 0 2691 0 3738 4252
10 5 5 5 631 2673 3188 4470
11 3 3 3 622 1576 2021 2470
12 2 2 2 1732 2403 2828 3336
13 2 2 2 693 1408 1866 2341
14 5 5 5 517 2535 3105 3683
15 0 0 0 583 0 1545 1953
16 1 1 1 981 1518 2052 2952
17 4 4 4 750 2052 2473 2913
18 1 1 1 717 1139 1704 2121
19 5 5 5 942 2235 2667 3141
20 3 3 3 590 1801 2521 3175
21 4 4 4 712 1871 2373 2786
22 0 0 6 453 2843 3595 4064
23 1 1 1 758 1199 1785 2180
