2017-03-29 10:02:50 PM
0 3 3 16 2222 2266 2662
1 4 4 777 1848 1867 2213
2 1 1 684 1497 1511 1873
3 1 1 1434 2613 2626 2994
4 0 0 852 1775 1788 2090
5 3 3 685 1500 1514 1749
6 5 5 943 1519 1536 1968
7 3 3 1070 1777 1799 1906
8 1 1 747 2135 2149 2622
9 2 2 653 1306 1322 1759
10 2 2 918 1274 1298 2057
11 5 5 875 1428 1443 1850
12 5 5 777 1274 1287 1700
13 0 0 937 2157 2171 2719
14 1 1 777 1951 1979 2451
15 2 2 770 1434 1449 1831
16 3 3 701 1623 1637 2078
17 4 4 1493 2743 2756 3123
18 4 4 757 1858 1873 2203
19 4 4 621 1275 1291 1451
20 0 0 709 1480 1494 1858
21 0 0 819 1753 1769 1969
22 2 2 734 1316 1331 1605
23 5 5 736 1387 1402 1749
