2017-03-26 9:03:02 PM
0 3 3 3 534 1861 2428 3257
1 0 0 0 401 0 969 1477
2 5 5 5 423 1873 2345 2851
3 1 1 1 529 904 1415 1857
4 3 3 3 578 1524 2589 3009
5 3 3 3 457 1842 2976 3579
6 5 5 5 727 2393 2909 3344
7 0 0 0 420 0 948 1382
8 4 4 4 571 2317 2827 3274
9 4 4 4 477 1482 2338 2780
10 0 0 0 396 0 846 1178
11 0 0 0 19 0 1216 1684
12 1 0 0 390 0 811 2110
13 2 2 3 648 1301 1841 2277
14 2 2 2 429 960 1530 1992
15 1 1 1 442 783 1233 1587
16 4 4 4 460 1476 1902 2280
17 5 5 5 422 2680 3135 3423
18 2 3 3 591 1609 2079 3112
19 4 4 4 892 2150 2643 3086
20 3 3 3 367 1328 1839 2283
21 2 2 2 1566 2172 2643 3179
22 1 1 2 990 1258 1785 2312
23 5 5 5 428 2096 2568 3223
