2017-03-26 8:58:45 PM
0 3 3 1 2387 2460 3298
1 0 0 813 1943 1979 2394
2 5 5 419 1786 1822 2339
3 1 1 528 1456 1485 2023
4 3 3 547 2554 2582 2956
5 3 3 435 2011 2048 2572
6 5 5 728 1357 1397 1935
7 0 0 620 1424 1456 1890
8 4 3 763 1364 1726 2529
9 4 4 621 1583 1615 2043
10 0 0 860 1710 1737 2148
11 0 0 542 1300 1332 1676
12 1 1 480 1731 1759 2193
13 2 2 540 2293 2329 2806
14 2 2 484 970 1003 1437
15 1 1 474 1654 1691 2167
16 4 4 435 1406 1439 1940
17 5 5 578 1255 1283 1739
18 2 2 463 1012 1043 1361
19 4 4 428 2528 2554 2916
20 3 3 470 1446 1479 1849
21 2 2 434 959 991 1331
22 1 5 373 0 461 4430
23 5 5 542 1390 1426 1862
