2017-03-27 10:26:21 PM
0 2 2 1129 1841 1890 4390
1 0 0 1120 1649 1674 3870
2 4 4 1025 1487 1518 6409
3 0 0 682 1746 1779 6711
4 2 2 1008 1700 1727 5495
5 1 1 1083 1578 1599 4502
6 4 4 1082 1575 1600 2823
7 3 3 1427 1937 1971 3210
8 4 4 957 1262 1289 2578
9 1 1 1016 1390 1412 2514
10 1 1 1035 1299 1328 4384
11 2 2 1878 2477 2504 3160
12 3 3 1829 2271 2303 2915
13 4 4 1162 1512 1536 2194
14 3 3 967 1239 1262 1809
15 1 2 921 0 1294 2369
16 2 2 1064 1515 1547 2154
17 3 3 1009 1421 1443 2074
18 0 0 1238 1650 1675 2473
19 5 5 1221 1567 1605 2370
20 5 5 1392 1581 1609 2368
21 5 5 1195 1440 1465 2261
22 0 0 996 1325 1362 1990
23 5 5 1280 1588 1611 2187
