2017-03-27 10:32:07 PM
0 4 4 4 785 2736 3435 4110
1 0 0 6 705 3935 4759 5393
2 3 3 3 928 2195 2833 3646
3 1 1 1 687 1111 1730 2328
4 0 0 0 811 0 1505 2120
5 2 2 2 718 1676 2152 2715
6 5 5 5 836 3172 3803 4671
7 2 2 2 563 1432 1948 2547
8 1 1 1 666 1114 1557 2161
9 3 3 3 670 2012 2547 3116
10 1 1 1 595 1076 1637 2161
11 4 4 4 607 2319 2855 3295
12 5 5 5 762 3015 3614 4214
13 0 0 6 624 4141 4834 5470
14 1 1 1 711 1172 1647 2363
15 5 5 5 671 2906 3494 3997
16 4 4 4 722 2585 3159 3869
17 5 5 5 798 3007 3702 4267
18 3 3 3 862 2046 2795 3305
19 0 0 0 801 0 1227 1925
20 3 3 3 755 2229 2712 3403
21 2 2 2 756 1697 2202 2622
22 4 4 4 647 2488 3206 3577
23 2 2 2 657 1478 1988 2556
