2017-03-28 4:10:41 PM
0 5 5 13 2235 2291 2795
1 1 1 15 1560 1584 2111
2 3 3 12 2938 2969 3597
3 2 2 470 1903 1925 2490
4 4 4 27 1054 1081 1571
5 4 4 21 782 812 1297
6 0 0 13 1901 1929 2367
7 0 0 22 1542 1570 2090
8 2 2 568 1704 1728 2304
9 2 2 471 1358 1383 2094
10 1 1 555 1493 1524 2071
11 4 4 513 1591 1617 2102
12 0 0 466 2421 2445 2911
13 5 5 437 1188 1212 2094
14 5 5 507 1091 1128 1582
15 3 3 660 1226 1261 2568
16 3 3 27 1303 1334 1816
17 0 0 1033 1737 1766 2293
18 3 3 674 1285 1314 1980
19 4 4 186 845 870 1364
20 2 2 462 1191 1231 1805
21 1 1 662 1488 1517 1988
22 1 1 451 1108 1140 1452
23 5 5 417 1169 1198 1801
