2017-03-28 3:53:51 PM
0 2 2 2 768 1597 2164 2643
1 2 2 2 592 1378 1918 3260
2 0 0 0 723 0 1195 1735
3 2 2 2 736 1319 1851 2771
4 4 4 4 640 2060 2584 3089
5 5 5 5 675 2614 3150 3653
6 3 3 3 476 1519 2037 2522
7 3 3 3 688 1487 1991 2495
8 5 5 5 443 1847 2364 2897
9 3 3 3 448 1378 2068 2610
10 4 4 4 437 1649 2168 2534
11 0 0 0 602 0 1150 1488
12 0 0 0 537 0 900 1173
13 4 4 4 578 1705 2216 2582
14 0 0 0 552 0 963 1175
15 3 3 3 631 1518 1930 2400
16 5 5 5 530 1927 2439 2931
17 5 5 5 612 1912 2440 2874
18 4 4 4 599 1696 2224 2778
19 1 1 1 388 868 1275 1723
20 1 1 1 397 820 1109 1573
21 1 1 1 562 1003 1295 1843
22 1 1 1 538 954 1449 1937
23 2 2 2 536 1283 1664 2212
