2017-03-27 3:44:30 PM
0 1 1 1 2085 5579 6328 8609
1 4 4 4 23 2247 3984 5057
2 2 2 2 12 1313 1975 2479
3 4 4 4 19 2054 3534 4229
4 1 1 1 6 1325 5001 5904
5 4 4 4 4 1978 9731 12605
6 3 3 3 5 1474 2160 5782
7 4 4 4 26 1989 3509 4226
8 0 0 0 0 0 3041 3870
9 3 3 3 21 1212 5469 6222
10 5 5 5 1 3862 6017 6817
11 5 5 5 12 2412 5813 6620
12 2 2 2 20 968 1637 2182
13 3 3 3 4 1423 4645 5628
14 3 3 3 20 1847 2445 3138
15 1 1 1 17 891 1333 1923
16 0 0 0 8 0 1791 2325
17 2 2 2 24 1037 2025 2685
18 5 5 5 7 3259 3955 6107
19 0 0 0 18 0 1098 1732
20 0 0 0 22 0 1824 2362
21 1 1 1 10 1043 1555 2136
22 2 2 2 22 980 1636 2119
23 5 5 5 7 2027 2651 3079
