2017-03-27 3:29:16 PM
0 0 0 853 4426 4481 6244
1 1 1 1199 2021 2058 2867
2 2 2 690 1396 1422 2249
3 5 5 919 1607 1634 2271
4 0 0 817 4227 4252 5368
5 3 3 674 1634 1661 2819
6 2 2 512 1364 1390 2345
7 5 5 1128 1598 1628 2252
8 0 0 15 2011 2037 3004
9 1 1 22 1923 1952 2903
10 5 5 7 1018 1045 5357
11 1 1 12 1480 1504 2143
12 4 4 2 1320 1357 1810
13 3 3 12 2772 2803 3631
14 3 3 23 2581 2611 3282
15 2 2 11 1512 1538 2063
16 4 4 2 1346 1372 1970
17 3 3 156 1944 1968 2920
18 1 1 51 1447 1483 2005
19 5 5 1 1196 1223 1773
20 4 3 0 1419 1732 6607
21 0 0 965 2127 2160 3837
22 4 4 8 2396 2437 3750
23 2 2 11 1217 1242 2945
