2017-03-29 6:06:15 PM
0 3 3 416 1357 1388 3556
1 4 4 502 1855 1869 2444
2 1 1 505 1191 1215 1666
3 2 1 533 0 665 3317
4 1 1 517 1477 1492 2043
5 1 1 594 955 969 2521
6 2 2 674 2016 2029 2817
7 3 3 576 1719 1744 2550
8 0 5 537 0 656 2977
9 5 5 9 1820 1845 2983
10 0 0 3 1380 1395 2307
11 0 1 10 0 897 4953
12 2 2 573 1337 1351 1946
13 5 5 604 1426 1440 2213
14 1 1 539 3311 3325 4113
15 2 2 536 719 738 2263
16 5 5 788 1647 1661 2847
17 3 3 925 2626 2646 3626
18 5 5 18 1149 1168 2258
19 0 0 63 1502 1517 2850
20 4 4 4 1596 1610 2429
21 4 4 22 1779 1793 2715
22 4 4 3 1409 1425 2149
23 3 3 13 2413 2432 3138
