2017-03-29 6:10:17 PM
0 3 3 3 969 2087 3624 4349
1 0 0 0 514 0 1173 1852
2 3 3 3 733 1874 2267 2791
3 4 4 4 634 1980 2263 2765
4 5 5 5 524 2030 2468 3077
5 4 4 4 719 2481 3013 3912
6 5 5 5 1183 2814 3167 3710
7 3 3 3 1098 2113 2483 2953
8 2 2 2 652 1193 1579 2030
9 5 0 6 1317 3211 3606 4034
10 2 3 3 599 1366 1817 2222
11 4 4 4 456 1734 3205 3839
12 4 2 2 586 0 1519 4822
13 0 0 2 643 0 1115 1635
14 1 0 0 662 0 721 2269
15 3 3 4 826 1768 2164 3282
16 0 0 0 796 0 1154 1924
17 2 2 2 587 1266 1561 2189
18 0 0 6 598 4793 5463 6337
19 5 5 5 840 2453 3775 4675
20 1 1 1 425 860 1399 2289
21 1 1 1 553 964 1304 2043
22 2 3 3 901 1608 2091 3473
23 1 1 3 620 1052 2137 2849
